{
 "cells": [
  {
   "cell_type": "code",
   "execution_count": 4,
   "metadata": {},
   "outputs": [
    {
     "name": "stdout",
     "output_type": "stream",
     "text": [
      "/Users/minority/Code/Git/cardio\n",
      "/Users/minority/Code/Git/cardio\n"
     ]
    }
   ],
   "source": [
    "import os\n",
    "print(os.getcwd())\n",
    "# change working directory to project root\n",
    "import platform\n",
    "if platform.system() is \"Windows\":\n",
    "    os.chdir('D:\\\\git\\\\cardio')\n",
    "else:\n",
    "    os.chdir('/Users/minority/Code/Git/cardio')\n",
    "print(os.getcwd())\n",
    "from src.utils.utils_io import Console_and_file_logger\n",
    "from src.utils.file_wrapper.app.Files import Basefile, Dicomfile\n",
    "from src.utils.file_wrapper.app.IO import FileWalker\n",
    "import logging\n",
    "Console_and_file_logger('sitk_differences', logging.INFO)\n",
    "\n",
    "import matplotlib.pyplot as plt\n",
    "%matplotlib inline\n",
    "import re\n",
    "import nrrd\n",
    "import numpy as np\n",
    "from scipy import stats\n",
    "from collections import OrderedDict\n",
    "import json\n",
    "import SimpleITK as sitk\n",
    "from bs4 import BeautifulSoup\n",
    "from bs4 import SoupStrainer\n",
    "import SimpleITK as sitk\n",
    "\n",
    "# specific imports\n",
    "import xml.etree.ElementTree as ET"
   ]
  },
  {
   "cell_type": "code",
   "execution_count": 11,
   "metadata": {},
   "outputs": [],
   "source": [
    "# if a dicom file is opened and written in the way below, new IDs will be saved\n",
    "\n",
    "\n",
    "filename = '/Users/minority/Code/Git/cardio/data/processed/test/raw/1.3.46.670589.11.0.0.11.4.2.0.8365.5.2324.2007031307520084282.dcm'\n",
    "new_filename = '/Users/minority/Code/Git/cardio/data/processed/test/copied/1.3.46.670589.11.0.0.11.4.2.0.8365.5.2324.2007031307520084282.dcm'\n",
    "\n",
    "\n",
    "sitk_img = sitk.ReadImage(filename)\n",
    "sitk.WriteImage(sitk_img, new_filename)\n",
    "\n"
   ]
  },
  {
   "cell_type": "code",
   "execution_count": 20,
   "metadata": {},
   "outputs": [
    {
     "name": "stdout",
     "output_type": "stream",
     "text": [
      "(0008|0005) = = \"ISO_IR 100\"\n",
      "(0008|0008) = = \"ORIGINAL\\PRIMARY\\M_FFE\\M\\FFE\"\n",
      "(0008|0012) = = \"20070301\"\n",
      "(0008|0013) = = \"083214\"\n",
      "(0008|0014) = = \"1.3.46.670589.11.8365.5\"\n",
      "(0008|0016) = = \"1.2.840.10008.5.1.4.1.1.4\"\n",
      "(0008|0018) = = \"1.3.46.670589.11.0.0.11.4.2.0.8365.5.2324.2007031307520084282\"\n",
      "(0008|0020) = = \"20070313\"\n",
      "(0008|0021) = = \"20070301\"\n",
      "(0008|0022) = = \"20070301\"\n",
      "(0008|0023) = = \"20070301\"\n",
      "(0008|0030) = = \"073340\"\n",
      "(0008|0031) = = \"075123.95000\"\n",
      "(0008|0032) = = \"075123.95 \"\n",
      "(0008|0033) = = \"075123.95 \"\n",
      "(0008|0050) = = \"2233\"\n",
      "(0008|0060) = = \"MR\"\n",
      "(0008|0070) = = \"Philips Medical Systems \"\n",
      "(0008|0080) = = \"CMRA\"\n",
      "(0008|0090) = = \"\"\n",
      "(0008|1010) = = \"PMSN-I5HOAR7FE3 \"\n",
      "(0008|1030) = = \"Fallot KN \"\n",
      "(0008|103e) = = \"SA6mm \"\n",
      "(0008|1040) = = \"Kernspin\"\n",
      "(0008|1070) = = \"\"\n",
      "(0008|1080) = = \"\"\n",
      "(0008|1090) = = \"Intera\"\n",
      "(0010|0010) = = \"04NEJQUZ\"\n",
      "(0010|0020) = = \"04NEJQU7\"\n",
      "(0010|0030) = = \"19990601\"\n",
      "(0010|0040) = = \"M \"\n",
      "(0010|1030) = = \"30.0\"\n",
      "(0010|21c0) = = \"4\"\n",
      "(0018|0020) = = \"GR\"\n",
      "(0018|0021) = = \"SK\"\n",
      "(0018|0022) = = \"PFP \"\n",
      "(0018|0023) = = \"\"\n",
      "(0018|0024) = = \"\"\n",
      "(0018|0050) = = \"6.0 \"\n",
      "(0018|0080) = = \"4.05359983444213\"\n",
      "(0018|0081) = = \"2.02679991722106\"\n",
      "(0018|0083) = = \"1.0 \"\n",
      "(0018|0084) = = \"63.898325 \"\n",
      "(0018|0085) = = \"1H\"\n",
      "(0018|0086) = = \"1 \"\n",
      "(0018|0087) = = \"1.5 \"\n",
      "(0018|0088) = = \"6.0 \"\n",
      "(0018|0089) = = \"151 \"\n",
      "(0018|0091) = = \"9 \"\n",
      "(0018|0093) = = \"100.0 \"\n",
      "(0018|0094) = = \"90.9090957641601\"\n",
      "(0018|1000) = = \"08365 \"\n",
      "(0018|1020) = = \"11.1.1\\11.1.1.2\\Gyroscan PMS/DICOM 2.0 MR $Id: datadefs,v 5.27 2004/10/18 06:50:\\PMS1.1 MIMIT EVIIMDictionary \"\n",
      "(0018|1030) = = \"SA SENSE\"\n",
      "(0018|1060) = = \"0.0 \"\n",
      "(0018|1081) = = \"552 \"\n",
      "(0018|1082) = = \"754 \"\n",
      "(0018|1083) = = \"80\"\n",
      "(0018|1084) = = \"0 \"\n",
      "(0018|1088) = = \"94\"\n",
      "(0018|1100) = = \"350.0 \"\n",
      "(0018|1250) = = \"SENSE-cardiac \"\n",
      "(0018|1251) = = \"B \"\n",
      "(0018|1310) = = \"0\\176\\151\\0\"\n",
      "(0018|1312) = = \"ROW \"\n",
      "(0018|1314) = = \"60.0\"\n",
      "(0018|5100) = = \"HFS \"\n",
      "(0020|000d) = = \"1.3.46.670589.11.0.0.11.4.2.0.8365.5.7500.2007031307333781538\"\n",
      "(0020|000e) = = \"1.3.46.670589.11.0.0.11.4.2.0.8365.5.2324.2007031307512410275\"\n",
      "(0020|0010) = = \"227000017 \"\n",
      "(0020|0011) = = \"501 \"\n",
      "(0020|0012) = = \"5 \"\n",
      "(0020|0013) = = \"1 \"\n",
      "(0020|0032) = = \"63.0278832912445\\-173.32688909769\\252.469830498099\"\n",
      "(0020|0037) = = \"0.37892746925354\\0.91427129507064\\-0.1432550698518\\-0.3536267280578\\0.0\\-0.9353865981101\"\n",
      "(0020|0052) = = \"1.3.46.670589.11.0.0.11.4.2.0.8365.5.9556.2007031307382253000\"\n",
      "(0020|0100) = = \"1 \"\n",
      "(0020|0105) = = \"1 \"\n",
      "(0020|1040) = = \"\"\n",
      "(0020|1041) = = \"0.0 \"\n",
      "(0028|0002) = = \"1\"\n",
      "(0028|0004) = = \"MONOCHROME2 \"\n",
      "(0028|0010) = = \"256\"\n",
      "(0028|0011) = = \"256\"\n",
      "(0028|0030) = = \"1.3671875\\1.3671875 \"\n",
      "(0028|0034) = = \"1\\1 \"\n",
      "(0028|0100) = = \"16\"\n",
      "(0028|0101) = = \"12\"\n",
      "(0028|0102) = = \"11\"\n",
      "(0028|0103) = = \"0\"\n",
      "(0028|1050) = = \"1000.0\"\n",
      "(0028|1051) = = \"2000.0\"\n",
      "(0028|1052) = = \"0.0 \"\n",
      "(0028|1053) = = \"4.26568986568987\"\n",
      "(0028|1054) = = \"normalized\"\n",
      "(0028|2110) = = \"00\"\n",
      "(0040|0241) = = \"MR_STORE_EXP\"\n",
      "(0040|0244) = = \"20070301\"\n",
      "(0040|0245) = = \"073340\"\n",
      "(0040|0250) = = \"20070301\"\n",
      "(0040|0251) = = \"073340\"\n",
      "(0040|0253) = = \"227000017 \"\n",
      "(0040|0254) = = \"Fallot KN \"\n",
      "(2050|0020) = = \"IDENTITY\"\n"
     ]
    }
   ],
   "source": [
    "filename = '/Users/minority/Code/Git/cardio/data/processed/test/raw/1.3.46.670589.11.0.0.11.4.2.0.8365.5.2324.2007031307520084282.dcm'\n",
    "new_filename = '/Users/minority/Code/Git/cardio/data/processed/test/copied_2/1.3.46.670589.11.0.0.11.4.2.0.8365.5.2324.2007031307520084282.dcm'\n",
    "\n",
    "\n",
    "reader = sitk.ImageFileReader()\n",
    "reader.SetFileName ( filename )\n",
    "image = reader.Execute()\n",
    "\n",
    "for k in reader.GetMetaDataKeys():\n",
    "    v = reader.GetMetaData(k)\n",
    "    image.SetMetaData(k, v)\n",
    "    print(\"({0}) = = \\\"{1}\\\"\".format(k,v))\n",
    "\n",
    "\n",
    "writer = sitk.ImageFileWriter()\n",
    "writer.SetFileName ( new_filename )\n",
    "writer.Execute ( image );\n"
   ]
  },
  {
   "cell_type": "code",
   "execution_count": 22,
   "metadata": {},
   "outputs": [
    {
     "name": "stdout",
     "output_type": "stream",
     "text": [
      "(0008|0005) = = \"ISO_IR 100\"\n",
      "(0008|0008) = = \"ORIGINAL\\PRIMARY\\M_FFE\\M\\FFE\"\n",
      "(0008|0012) = = \"20070301\"\n",
      "(0008|0013) = = \"083214\"\n",
      "(0008|0014) = = \"1.3.46.670589.11.8365.5\"\n",
      "(0008|0016) = = \"1.2.840.10008.5.1.4.1.1.4\"\n",
      "(0008|0018) = = \"1.3.46.670589.11.0.0.11.4.2.0.8365.5.2324.2007031307520084282\"\n",
      "(0008|0020) = = \"20070313\"\n",
      "(0008|0021) = = \"20070301\"\n",
      "(0008|0022) = = \"20070301\"\n",
      "(0008|0023) = = \"20070301\"\n",
      "(0008|0030) = = \"073340\"\n",
      "(0008|0031) = = \"075123.95000\"\n",
      "(0008|0032) = = \"075123.95 \"\n",
      "(0008|0033) = = \"075123.95 \"\n",
      "(0008|0050) = = \"2233\"\n",
      "(0008|0060) = = \"MR\"\n",
      "(0008|0070) = = \"Philips Medical Systems \"\n",
      "(0008|0080) = = \"CMRA\"\n",
      "(0008|0090) = = \"\"\n",
      "(0008|1010) = = \"PMSN-I5HOAR7FE3 \"\n",
      "(0008|1030) = = \"Fallot KN \"\n",
      "(0008|103e) = = \"SA6mm \"\n",
      "(0008|1040) = = \"Kernspin\"\n",
      "(0008|1070) = = \"\"\n",
      "(0008|1080) = = \"\"\n",
      "(0008|1090) = = \"Intera\"\n",
      "(0010|0010) = = \"04NEJQUZ\"\n",
      "(0010|0020) = = \"04NEJQU7\"\n",
      "(0010|0030) = = \"19990601\"\n",
      "(0010|0040) = = \"M \"\n",
      "(0010|1030) = = \"30.0\"\n",
      "(0010|21c0) = = \"4\"\n",
      "(0018|0020) = = \"GR\"\n",
      "(0018|0021) = = \"SK\"\n",
      "(0018|0022) = = \"PFP \"\n",
      "(0018|0023) = = \"\"\n",
      "(0018|0024) = = \"\"\n",
      "(0018|0050) = = \"6.0 \"\n",
      "(0018|0080) = = \"4.05359983444213\"\n",
      "(0018|0081) = = \"2.02679991722106\"\n",
      "(0018|0083) = = \"1.0 \"\n",
      "(0018|0084) = = \"63.898325 \"\n",
      "(0018|0085) = = \"1H\"\n",
      "(0018|0086) = = \"1 \"\n",
      "(0018|0087) = = \"1.5 \"\n",
      "(0018|0088) = = \"6.0 \"\n",
      "(0018|0089) = = \"151 \"\n",
      "(0018|0091) = = \"9 \"\n",
      "(0018|0093) = = \"100.0 \"\n",
      "(0018|0094) = = \"90.9090957641601\"\n",
      "(0018|1000) = = \"08365 \"\n",
      "(0018|1020) = = \"11.1.1\\11.1.1.2\\Gyroscan PMS/DICOM 2.0 MR $Id: datadefs,v 5.27 2004/10/18 06:50:\\PMS1.1 MIMIT EVIIMDictionary \"\n",
      "(0018|1030) = = \"SA SENSE\"\n",
      "(0018|1060) = = \"0.0 \"\n",
      "(0018|1081) = = \"552 \"\n",
      "(0018|1082) = = \"754 \"\n",
      "(0018|1083) = = \"80\"\n",
      "(0018|1084) = = \"0 \"\n",
      "(0018|1088) = = \"94\"\n",
      "(0018|1100) = = \"350.0 \"\n",
      "(0018|1250) = = \"SENSE-cardiac \"\n",
      "(0018|1251) = = \"B \"\n",
      "(0018|1310) = = \"0\\176\\151\\0\"\n",
      "(0018|1312) = = \"ROW \"\n",
      "(0018|1314) = = \"60.0\"\n",
      "(0018|5100) = = \"HFS \"\n",
      "(0020|000d) = = \"1.3.46.670589.11.0.0.11.4.2.0.8365.5.7500.2007031307333781538\"\n",
      "(0020|000e) = = \"1.3.46.670589.11.0.0.11.4.2.0.8365.5.2324.2007031307512410275\"\n",
      "(0020|0010) = = \"227000017 \"\n",
      "(0020|0011) = = \"501 \"\n",
      "(0020|0012) = = \"5 \"\n",
      "(0020|0013) = = \"1 \"\n",
      "(0020|0032) = = \"63.0278832912445\\-173.32688909769\\252.469830498099\"\n",
      "(0020|0037) = = \"0.37892746925354\\0.91427129507064\\-0.1432550698518\\-0.3536267280578\\0.0\\-0.9353865981101\"\n",
      "(0020|0052) = = \"1.3.46.670589.11.0.0.11.4.2.0.8365.5.9556.2007031307382253000\"\n",
      "(0020|0100) = = \"1 \"\n",
      "(0020|0105) = = \"1 \"\n",
      "(0020|1040) = = \"\"\n",
      "(0020|1041) = = \"0.0 \"\n",
      "(0028|0002) = = \"1\"\n",
      "(0028|0004) = = \"MONOCHROME2 \"\n",
      "(0028|0010) = = \"256\"\n",
      "(0028|0011) = = \"256\"\n",
      "(0028|0030) = = \"1.3671875\\1.3671875 \"\n",
      "(0028|0034) = = \"1\\1 \"\n",
      "(0028|0100) = = \"16\"\n",
      "(0028|0101) = = \"12\"\n",
      "(0028|0102) = = \"11\"\n",
      "(0028|0103) = = \"0\"\n",
      "(0028|1050) = = \"1000.0\"\n",
      "(0028|1051) = = \"2000.0\"\n",
      "(0028|1052) = = \"0.0 \"\n",
      "(0028|1053) = = \"4.26568986568987\"\n",
      "(0028|1054) = = \"normalized\"\n",
      "(0028|2110) = = \"00\"\n",
      "(0040|0241) = = \"MR_STORE_EXP\"\n",
      "(0040|0244) = = \"20070301\"\n",
      "(0040|0245) = = \"073340\"\n",
      "(0040|0250) = = \"20070301\"\n",
      "(0040|0251) = = \"073340\"\n",
      "(0040|0253) = = \"227000017 \"\n",
      "(0040|0254) = = \"Fallot KN \"\n",
      "(2001|101a) = = \"AAAAAAAAAAAAAAAA\"\n",
      "(2050|0020) = = \"IDENTITY\"\n"
     ]
    }
   ],
   "source": [
    "filename = '/Users/minority/Code/Git/cardio/data/processed/test/raw/1.3.46.670589.11.0.0.11.4.2.0.8365.5.2324.2007031307520084282.dcm'\n",
    "new_filename = '/Users/minority/Code/Git/cardio/data/processed/test/copied_3/1.3.46.670589.11.0.0.11.4.2.0.8365.5.2324.2007031307520084282.dcm'\n",
    "\n",
    "\n",
    "\n",
    "reader = sitk.ImageFileReader()\n",
    "reader.SetFileName ( filename )\n",
    "reader.LoadPrivateTagsOn()\n",
    "reader.ReadImageInformation()\n",
    "image = reader.Execute()\n",
    "\n",
    "\n",
    "for k in reader.GetMetaDataKeys():\n",
    "    v = reader.GetMetaData(k)\n",
    "    image.SetMetaData(k, v)\n",
    "    print(\"({0}) = = \\\"{1}\\\"\".format(k,v))\n",
    "    \n",
    "writer = sitk.ImageFileWriter()\n",
    "writer.KeepOriginalImageUIDOn()\n",
    "writer.SetFileName ( new_filename )\n",
    "writer.Execute ( image );\n",
    "    \n"
   ]
  },
  {
   "cell_type": "code",
   "execution_count": 15,
   "metadata": {},
   "outputs": [
    {
     "name": "stdout",
     "output_type": "stream",
     "text": [
      "Image (0000022B7D395B60)\n",
      "  RTTI typeinfo:   class itk::Image<unsigned short,3>\n",
      "  Reference Count: 1\n",
      "  Modified Time: 4003\n",
      "  Debug: Off\n",
      "  Object Name: \n",
      "  Observers: \n",
      "    none\n",
      "  Source: (none)\n",
      "  Source output name: (none)\n",
      "  Release Data: Off\n",
      "  Data Released: False\n",
      "  Global Release Data: Off\n",
      "  PipelineMTime: 3986\n",
      "  UpdateMTime: 4002\n",
      "  RealTimeStamp: 0 seconds \n",
      "  LargestPossibleRegion: \n",
      "    Dimension: 3\n",
      "    Index: [0, 0, 0]\n",
      "    Size: [144, 192, 1]\n",
      "  BufferedRegion: \n",
      "    Dimension: 3\n",
      "    Index: [0, 0, 0]\n",
      "    Size: [144, 192, 1]\n",
      "  RequestedRegion: \n",
      "    Dimension: 3\n",
      "    Index: [0, 0, 0]\n",
      "    Size: [144, 192, 1]\n",
      "  Spacing: [1.66667, 1.66667, 8.8]\n",
      "  Origin: [71.4077, -76.7572, 196.592]\n",
      "  Direction: \n",
      "0.162995 -0.379777 -0.910605\n",
      "0.897736 -0.325768 0.296556\n",
      "-0.409271 -0.86582 0.28784\n",
      "\n",
      "  IndexToPointMatrix: \n",
      "0.271659 -0.632961 -8.01333\n",
      "1.49623 -0.542947 2.6097\n",
      "-0.682119 -1.44303 2.533\n",
      "\n",
      "  PointToIndexMatrix: \n",
      "0.0977972 0.538641 -0.245563\n",
      "-0.227866 -0.195461 -0.519492\n",
      "-0.103478 0.0336996 0.0327091\n",
      "\n",
      "  Inverse Direction: \n",
      "0.162995 0.897736 -0.409271\n",
      "-0.379777 -0.325768 -0.86582\n",
      "-0.910605 0.296556 0.28784\n",
      "\n",
      "  PixelContainer: \n",
      "    ImportImageContainer (0000022B6C99BA30)\n",
      "      RTTI typeinfo:   class itk::ImportImageContainer<unsigned __int64,unsigned short>\n",
      "      Reference Count: 1\n",
      "      Modified Time: 3999\n",
      "      Debug: Off\n",
      "      Object Name: \n",
      "      Observers: \n",
      "        none\n",
      "      Pointer: 0000022B7D48E4C0\n",
      "      Container manages memory: true\n",
      "      Size: 27648\n",
      "      Capacity: 27648\n",
      "\n",
      "Image (0000022B7D395E20)\n",
      "  RTTI typeinfo:   class itk::Image<unsigned short,3>\n",
      "  Reference Count: 1\n",
      "  Modified Time: 4484\n",
      "  Debug: Off\n",
      "  Object Name: \n",
      "  Observers: \n",
      "    none\n",
      "  Source: (none)\n",
      "  Source output name: (none)\n",
      "  Release Data: Off\n",
      "  Data Released: False\n",
      "  Global Release Data: Off\n",
      "  PipelineMTime: 4467\n",
      "  UpdateMTime: 4483\n",
      "  RealTimeStamp: 0 seconds \n",
      "  LargestPossibleRegion: \n",
      "    Dimension: 3\n",
      "    Index: [0, 0, 0]\n",
      "    Size: [144, 192, 1]\n",
      "  BufferedRegion: \n",
      "    Dimension: 3\n",
      "    Index: [0, 0, 0]\n",
      "    Size: [144, 192, 1]\n",
      "  RequestedRegion: \n",
      "    Dimension: 3\n",
      "    Index: [0, 0, 0]\n",
      "    Size: [144, 192, 1]\n",
      "  Spacing: [1.66667, 1.66667, 8.8]\n",
      "  Origin: [71.4077, -76.7572, 196.592]\n",
      "  Direction: \n",
      "0.162995 -0.379777 -0.910605\n",
      "0.897736 -0.325768 0.296556\n",
      "-0.409271 -0.86582 0.28784\n",
      "\n",
      "  IndexToPointMatrix: \n",
      "0.271659 -0.632961 -8.01333\n",
      "1.49623 -0.542947 2.6097\n",
      "-0.682119 -1.44303 2.533\n",
      "\n",
      "  PointToIndexMatrix: \n",
      "0.0977972 0.538641 -0.245563\n",
      "-0.227866 -0.195461 -0.519492\n",
      "-0.103478 0.0336996 0.0327091\n",
      "\n",
      "  Inverse Direction: \n",
      "0.162995 0.897736 -0.409271\n",
      "-0.379777 -0.325768 -0.86582\n",
      "-0.910605 0.296556 0.28784\n",
      "\n",
      "  PixelContainer: \n",
      "    ImportImageContainer (0000022B6D10E2D0)\n",
      "      RTTI typeinfo:   class itk::ImportImageContainer<unsigned __int64,unsigned short>\n",
      "      Reference Count: 1\n",
      "      Modified Time: 4480\n",
      "      Debug: Off\n",
      "      Object Name: \n",
      "      Observers: \n",
      "        none\n",
      "      Pointer: 0000022B7D438270\n",
      "      Container manages memory: true\n",
      "      Size: 27648\n",
      "      Capacity: 27648\n",
      "\n"
     ]
    }
   ],
   "source": [
    "# test the series file reader\n",
    "# read each series, given by list\n",
    "# join/stack\n",
    "\n",
    "test_src = './data/processed/Segmentations/0006/0006-0AE4R74L-1900-01-01/1.3.12.2.1107.5.99.2.1013.30000008030612131778100068272/'\n",
    "filename = '1.3.12.2.1107.5.99.2.1013.30000008030612131778100068253.dcm'\n",
    "destination1 = './data/processed/SITK_1/'\n",
    "destination2 = './data/processed/SITK_2/'\n",
    "\n",
    "img = sitk.ReadImage(os.path.join(test_src, filename))\n",
    "print(img)\n",
    "#sitk.Show(img)\n",
    "sitk.WriteImage(img, os.path.join(destination1, filename))\n",
    "#plt.imshow(sitk.GetArrayViewFromImage(img))\n",
    "\n",
    "reader = sitk.ImageFileReader()\n",
    "reader.SetFileName(os.path.join(test_src, filename))\n",
    "reader.LoadPrivateTagsOn()\n",
    "reader.ReadImageInformation()\n",
    "img2 = reader.Execute()\n",
    "\n",
    "print(img2)\n",
    "#sitk.Show(img2)\n",
    "sitk.WriteImage(img2, os.path.join(destination2, filename))\n"
   ]
  },
  {
   "cell_type": "code",
   "execution_count": null,
   "metadata": {},
   "outputs": [],
   "source": []
  }
 ],
 "metadata": {
  "kernelspec": {
   "display_name": "cardio",
   "language": "python",
   "name": "cardio"
  },
  "language_info": {
   "codemirror_mode": {
    "name": "ipython",
    "version": 3
   },
   "file_extension": ".py",
   "mimetype": "text/x-python",
   "name": "python",
   "nbconvert_exporter": "python",
   "pygments_lexer": "ipython3",
   "version": "3.6.5"
  }
 },
 "nbformat": 4,
 "nbformat_minor": 2
}
